                                                                                                             
                                                                                                              
-- RESULT -------                                                                                              
                                                                                                                
Custo: 1550                                                                                                      
Caminho:  |  1  5 |  2 15 |  3  8 |  4 16 |  5  6 |  6 12 |  7  2 |  8 10 |  9 13 | 10 14 | 11  3 | 12  9 | 13  4 | 14  7 | 15  1 | 16 11 |                                                                                  
                                                                                                           
-- END ----------                                                                                         
                                                                                                         
1533.457565 16 
